1 1115 1.70 121.48 12.68 1420370352907
2 3764 4.42 121.48 15.23 1420370352907
1 1116 1.45 121.48 12.68 1420370353007
2 3765 3.06 121.48 15.23 1420370353007
1 1117 1.19 121.48 12.68 1420370353107
2 3766 4.68 121.48 15.23 1420370353107
1 1118 1.45 121.48 12.68 1420370353207
2 3767 5.36 121.48 15.23 1420370353207
1 1119 1.70 121.48 12.69 1420370353307
2 3768 4.85 121.48 15.23 1420370353307
1 1120 1.70 121.48 12.69 1420370353407
2 3769 3.32 121.48 15.23 1420370353407
1 1121 1.28 121.48 12.69 1420370353507
2 3770 4.25 121.48 15.23 1420370353507
1 1122 1.36 121.48 12.69 1420370353607
2 3771 5.36 121.48 15.23 1420370353607
1 1123 1.70 121.48 12.68 1420370353707
2 3772 5.02 121.48 15.23 1420370353707
1 1124 1.70 121.48 12.68 1420370353807
2 3773 3.57 121.48 15.23 1420370353807
1 1125 1.36 121.48 12.68 1420370353907
2 3774 3.83 121.48 15.23 1420370353907
1 1126 1.28 121.48 12.68 1420370354007
2 3775 5.19 121.48 15.23 1420370354007
1 1127 1.70 121.48 12.69 1420370354107
2 3776 5.19 121.48 15.24 1420370354107
1 1128 1.79 121.48 12.69 1420370354207
2 3777 4.17 121.48 15.24 1420370354207
1 1129 1.53 121.48 12.69 1420370354307
2 3778 3.23 121.48 15.24 1420370354307
1 1130 1.28 121.48 12.69 1420370354407
2 3779 4.85 121.48 15.24 1420370354407
1 1131 1.53 121.48 12.68 1420370354507
2 3780 5.36 121.48 15.24 1420370354507
1 1132 1.79 121.48 12.68 1420370354607
2 3781 4.51 121.48 15.24 1420370354607
1 1133 1.53 121.48 12.68 1420370354707
2 3782 3.06 121.48 15.24 1420370354707
1 1134 1.19 121.48 12.68 1420370354807
2 3783 4.59 121.48 15.24 1420370354807
1 1135 1.45 121.48 12.68 1420370354907
2 3784 5.44 121.48 15.24 1420370354907
1 1136 1.70 121.48 12.68 1420370355007
2 3785 4.76 121.48 15.25 1420370355007
1 1137 1.62 121.48 12.68 1420370355107
2 3786 3.40 121.48 15.25 1420370355107
1 1138 1.28 121.48 12.68 1420370355207
2 3787 4.17 121.48 15.25 1420370355207
1 1139 1.45 121.48 12.69 1420370355307
2 3788 5.36 121.48 15.24 1420370355307
1 1140 1.70 121.48 12.69 1420370355407
2 3789 5.10 121.48 15.24 1420370355407
1 1141 1.70 121.48 12.69 1420370355507
2 3790 3.66 121.48 15.24 1420370355507
1 1142 1.36 121.48 12.69 1420370355607
2 3791 3.74 121.48 15.25 1420370355607
1 1143 1.36 121.48 12.69 1420370355707
2 3792 5.19 121.48 15.25 1420370355707
1 1144 1.79 121.48 12.69 1420370355807
2 3793 5.19 121.48 15.25 1420370355807
1 1145 1.70 121.48 12.69 1420370355907
2 3794 4.17 121.48 15.24 1420370355907
1 1146 1.45 121.48 12.69 1420370356007
2 3795 3.23 121.48 15.24 1420370356007
1 1147 1.28 121.48 12.69 1420370356107
2 3796 4.85 121.48 15.24 1420370356107
1 1148 1.62 121.48 12.69 1420370356207
2 3797 5.36 121.48 15.24 1420370356207
1 1149 1.70 121.48 12.69 1420370356307
2 3798 4.51 121.48 15.24 1420370356307
1 1150 1.62 121.48 12.69 1420370356407
2 3799 3.15 121.48 15.24 1420370356407
1 1151 1.28 121.48 12.69 1420370356507
2 3800 4.42 121.48 15.25 1420370356507
1 1152 1.79 121.48 12.69 1420370356607
2 3801 5.36 121.48 15.25 1420370356607
1 1153 1.70 121.48 12.69 1420370356707
2 3802 4.85 121.48 15.25 1420370356707
1 1154 1.62 121.48 12.69 1420370356807
2 3803 3.40 121.48 15.25 1420370356807
1 1155 1.28 121.48 12.69 1420370356907
2 3804 4.25 121.48 15.25 1420370356907
1 1156 1.11 121.48 12.69 1420370357007
2 3805 5.36 121.48 15.25 1420370357007
1 1157 1.70 121.48 12.69 1420370357107
2 3806 5.10 121.48 15.25 1420370357107
1 1158 1.70 121.48 12.69 1420370357207
2 3807 3.74 121.48 15.25 1420370357207
1 1159 1.45 121.48 12.69 1420370357307
2 3808 3.66 121.48 15.25 1420370357307
1 1160 1.36 121.48 12.69 1420370357407
2 3809 5.02 121.48 15.26 1420370357407
1 1161 1.62 121.48 12.69 1420370357507
2 3810 5.27 121.48 15.26 1420370357507
1 1162 1.70 121.48 12.69 1420370357607
2 3811 4.34 121.48 15.26 1420370357607
1 1163 1.53 121.48 12.69 1420370357707
2 3812 3.06 121.48 15.26 1420370357707
1 1164 1.19 121.48 12.69 1420370357807
2 3813 4.76 121.48 15.26 1420370357807
1 1165 1.53 121.48 12.69 1420370357907
2 3814 5.36 121.48 15.26 1420370357907
1 1166 1.70 121.48 12.69 1420370358007
2 3815 4.68 121.48 15.26 1420370358007
1 1167 1.62 121.48 12.69 1420370358107
2 3816 3.23 121.48 15.26 1420370358107
1 1168 0.85 121.48 12.69 1420370358207
2 3817 4.42 121.48 15.26 1420370358207
1 1169 1.45 121.48 12.69 1420370358307
2 3818 5.44 121.48 15.26 1420370358307
1 1170 1.70 121.48 12.69 1420370358407
2 3819 5.02 121.48 15.26 1420370358407
1 1171 1.70 121.48 12.69 1420370358507
2 3820 3.49 121.48 15.26 1420370358507
1 1172 1.45 121.48 12.69 1420370358607
2 3821 3.91 121.48 15.26 1420370358607
1 1173 1.36 121.48 12.69 1420370358707
2 3822 5.44 121.48 15.26 1420370358707
1 1174 1.70 121.48 12.69 1420370358807
2 3823 5.10 121.48 15.26 1420370358807
1 1175 1.70 121.48 12.69 1420370358907
2 3824 3.83 121.48 15.26 1420370358907
1 1176 1.28 121.48 12.69 1420370359007
2 3825 3.49 121.48 15.26 1420370359007
1 1177 1.28 121.48 12.69 1420370359107
2 3826 5.02 121.48 15.26 1420370359107
1 1178 1.53 121.48 12.69 1420370359207
2 3827 5.27 121.48 15.26 1420370359207
1 1179 1.70 121.48 12.68 1420370359307
2 3828 4.42 121.48 15.26 1420370359307
1 1180 1.62 121.48 12.68 1420370359407
2 3829 3.06 121.48 15.26 1420370359407
1 1181 1.28 121.48 12.68 1420370359507
2 3830 4.68 121.48 15.26 1420370359507
1 1182 1.45 121.48 12.68 1420370359607
2 3831 5.44 121.48 15.26 1420370359607
1 1183 1.70 121.48 12.68 1420370359707
2 3832 4.68 121.48 15.26 1420370359707
1 1184 1.70 121.48 12.68 1420370359807
2 3833 3.23 121.48 15.26 1420370359807
1 1185 1.28 121.48 12.68 1420370359907
2 3834 4.34 121.48 15.26 1420370359907
1 1186 1.45 121.48 12.68 1420370360007
2 3835 5.36 121.48 15.26 1420370360007
1 1187 1.70 121.48 12.69 1420370360107
2 3836 5.02 121.48 15.26 1420370360107
1 1188 1.79 121.48 12.69 1420370360207
2 3837 3.66 121.48 15.26 1420370360207
1 1189 1.36 121.48 12.69 1420370360307
2 3838 3.74 121.48 15.26 1420370360307
1 1190 1.36 121.48 12.69 1420370360407
2 3839 5.10 121.48 15.27 1420370360407
1 1191 1.62 121.48 12.68 1420370360507
2 3840 5.19 121.48 15.27 1420370360507
1 1192 1.79 121.48 12.68 1420370360607
2 3841 4.17 121.48 15.27 1420370360607
1 1193 1.53 121.48 12.68 1420370360707
2 3842 3.23 121.48 15.26 1420370360707
1 1194 1.28 121.48 12.68 1420370360807
2 3843 4.85 121.48 15.26 1420370360807
1 1195 1.53 121.48 12.69 1420370360907
2 3844 5.36 121.48 15.26 1420370360907
1 1196 1.62 121.48 12.69 1420370361007
2 3845 4.51 121.48 15.27 1420370361007
1 1197 1.53 121.48 12.69 1420370361107
2 3846 3.15 121.48 15.27 1420370361107
1 1198 1.19 121.48 12.69 1420370361207
2 3847 4.51 121.48 15.27 1420370361207
1 1199 1.53 121.48 12.69 1420370361307
2 3848 5.36 121.48 15.27 1420370361307
1 1200 1.79 121.48 12.69 1420370361407
2 3849 4.93 121.48 15.27 1420370361407
1 1201 1.70 121.48 12.69 1420370361507
2 3850 3.40 121.48 15.27 1420370361507
1 1202 1.28 121.48 12.69 1420370361607
2 3851 4.08 121.48 15.28 1420370361607
1 1203 1.36 121.48 12.69 1420370361707
2 3852 5.27 121.48 15.28 1420370361707
1 1204 1.70 121.48 12.69 1420370361807
2 3853 5.10 121.48 15.28 1420370361807
1 1205 1.62 121.48 12.69 1420370361907
2 3854 3.74 121.48 15.27 1420370361907
1 1206 1.36 121.48 12.69 1420370362007
2 3855 3.66 121.48 15.27 1420370362007
1 1207 1.36 121.48 12.69 1420370362107
2 3856 5.10 121.48 15.27 1420370362107
1 1208 1.87 121.48 12.69 1420370362207
2 3857 5.19 121.48 15.27 1420370362207
1 1209 1.70 121.48 12.69 1420370362307
2 3858 4.42 121.48 15.27 1420370362307
1 1210 1.53 121.48 12.69 1420370362407
2 3859 3.06 121.48 15.27 1420370362407
1 1211 1.19 121.48 12.69 1420370362507
2 3860 4.68 121.48 15.27 1420370362507
1 1212 1.62 121.48 12.69 1420370362607
2 3861 5.36 121.48 15.27 1420370362607
1 1213 1.70 121.48 12.69 1420370362707
2 3862 4.68 121.48 15.27 1420370362707
1 1214 1.62 121.48 12.69 1420370362807
2 3863 3.23 121.48 15.28 1420370362807
1 1215 1.28 121.48 12.69 1420370362907
2 3864 4.42 121.48 15.28 1420370362907
1 1216 1.87 121.48 12.69 1420370363007
2 3865 5.36 121.48 15.28 1420370363007
1 1217 1.70 121.48 12.69 1420370363107
2 3866 4.93 121.48 15.28 1420370363107
1 1218 1.62 121.48 12.69 1420370363207
2 3867 3.66 121.48 15.28 1420370363207
1 1219 1.36 121.48 12.69 1420370363307
2 3868 4.00 121.48 15.28 1420370363307
1 1220 1.45 121.48 12.69 1420370363407
2 3869 5.19 121.48 15.27 1420370363407
1 1221 1.70 121.48 12.69 1420370363507
2 3870 5.10 121.48 15.27 1420370363507
1 1222 1.62 121.48 12.69 1420370363607
2 3871 3.91 121.48 15.27 1420370363607
1 1223 1.45 121.48 12.68 1420370363707
2 3872 3.40 121.48 15.28 1420370363707
1 1224 1.28 121.48 12.68 1420370363807
2 3873 5.10 121.48 15.28 1420370363807
1 1225 1.62 121.48 12.68 1420370363907
2 3874 5.27 121.48 15.28 1420370363907
1 1226 1.70 121.48 12.68 1420370364007
2 3875 4.42 121.48 15.27 1420370364007
1 1227 1.53 121.48 12.69 1420370364107
2 3876 3.32 121.48 15.27 1420370364107
1 1228 0.94 121.48 12.69 1420370364207
2 3877 4.68 121.48 15.27 1420370364207
1 1229 1.45 121.48 12.69 1420370364307
2 3878 5.36 121.48 15.28 1420370364307
1 1230 1.70 121.48 12.69 1420370364407
2 3879 4.76 121.48 15.28 1420370364407
1 1231 1.62 121.48 12.69 1420370364507
2 3880 3.32 121.48 15.28 1420370364507
1 1232 1.53 121.48 12.69 1420370364607
2 3881 4.34 121.48 15.28 1420370364607
1 1233 1.45 121.48 12.69 1420370364707
2 3882 5.36 121.48 15.28 1420370364707
1 1234 1.70 121.48 12.69 1420370364807
2 3883 5.02 121.48 15.28 1420370364807
1 1235 1.70 121.48 12.69 1420370364907
2 3884 3.57 121.48 15.28 1420370364907
1 1236 1.45 121.48 12.69 1420370365007
2 3885 3.83 121.48 15.28 1420370365007
1 1237 1.36 121.48 12.69 1420370365107
2 3886 5.19 121.48 15.28 1420370365107
1 1238 1.53 121.48 12.69 1420370365207
2 3887 5.10 121.48 15.28 1420370365207
1 1239 1.70 121.48 12.69 1420370365307
2 3888 4.08 121.48 15.28 1420370365307
1 1240 1.45 121.48 12.69 1420370365407
2 3889 3.15 121.48 15.28 1420370365407
1 1241 1.19 121.48 12.69 1420370365507
2 3890 4.85 121.48 15.28 1420370365507
1 1242 1.53 121.48 12.69 1420370365607
2 3891 5.27 121.48 15.28 1420370365607
1 1243 1.70 121.48 12.69 1420370365707
2 3892 4.51 121.48 15.28 1420370365707
1 1244 1.62 121.48 12.69 1420370365807
2 3893 3.06 121.48 15.29 1420370365807
1 1245 1.28 121.48 12.69 1420370365907
2 3894 4.59 121.48 15.29 1420370365907
1 1246 1.45 121.48 12.69 1420370366007
2 3895 5.36 121.48 15.29 1420370366007
1 1247 1.70 121.48 12.69 1420370366107
2 3896 4.76 121.48 15.28 1420370366107
1 1248 1.70 121.48 12.69 1420370366207
2 3897 3.32 121.48 15.28 1420370366207
1 1249 1.36 121.48 12.69 1420370366307
2 3898 4.17 121.48 15.28 1420370366307
1 1250 1.36 121.48 12.69 1420370366407
2 3899 5.27 121.48 15.28 1420370366407
1 1251 1.70 121.48 12.69 1420370366507
2 3900 4.68 121.48 15.36 1420370382047
1 1252 1.70 121.48 12.68 1420370352907
2 3901 4.42 121.48 15.23 1420370352907
1 1253 1.45 121.48 12.69 1420370366707
2 3902 3.66 121.48 15.29 1420370366707
1 1254 1.19 121.48 12.69 1420370366807
2 3903 5.10 121.48 15.29 1420370366807
1 1255 1.79 121.48 12.69 1420370366907
2 3904 5.27 121.48 15.29 1420370366907
1 1256 1.96 121.48 12.69 1420370367007
2 3905 4.17 121.48 15.28 1420370367007
1 1257 1.53 121.48 12.69 1420370367107
2 3906 3.15 121.48 15.28 1420370367107
1 1258 1.28 121.48 12.69 1420370367207
2 3907 4.85 121.48 15.28 1420370367207
1 1259 1.53 121.48 12.69 1420370367307
2 3908 5.36 121.48 15.29 1420370367307
1 1260 1.79 121.48 12.69 1420370367407
2 3909 4.59 121.48 15.29 1420370367407
1 1261 1.53 121.48 12.69 1420370367507
2 3910 3.40 121.48 15.29 1420370366516
1 1262 1.36 121.48 12.69 1420370366516
2 3911 4.51 121.48 15.29 1420370366616
1 1263 1.45 121.48 12.69 1420370366616
2 3912 5.27 121.48 15.29 1420370366716
1 1264 2.21 121.48 12.69 1420370366716
2 3913 4.85 121.48 15.29 1420370366816
1 1265 1.70 121.48 12.69 1420370366816
2 3914 3.40 121.48 15.29 1420370366916
1 1266 1.36 121.48 12.69 1420370366916
2 3915 4.17 121.48 15.29 1420370367016
1 1267 1.36 121.48 12.69 1420370367016
2 3916 5.27 121.48 15.29 1420370367116
1 1268 1.70 121.48 12.69 1420370367116
2 3917 5.10 121.48 15.29 1420370367216
1 1269 1.70 121.48 12.69 1420370367216
2 3918 3.83 121.48 15.29 1420370367316
1 1270 1.45 121.48 12.69 1420370367316
2 3919 3.57 121.48 15.29 1420370367416
1 1271 1.28 121.48 12.69 1420370367416
2 3920 5.02 121.48 15.30 1420370367516
1 1272 1.62 121.48 12.69 1420370367516
2 3921 5.36 121.48 15.30 1420370367616
1 1273 1.62 121.48 12.69 1420370367616
2 3922 4.25 121.48 15.30 1420370367716
1 1274 1.53 121.48 12.69 1420370367716
2 3923 3.06 121.48 15.29 1420370367816
1 1275 1.28 121.48 12.69 1420370367816
2 3924 4.76 121.48 15.29 1420370367916
1 1276 1.70 121.48 12.69 1420370367916
2 3925 5.36 121.48 15.29 1420370368016
1 1277 1.70 121.48 12.69 1420370368016
2 3926 4.59 121.48 15.30 1420370368116
1 1278 1.62 121.48 12.69 1420370368116
2 3927 3.23 121.48 15.30 1420370368216
1 1279 1.28 121.48 12.69 1420370368216
2 3928 4.42 121.48 15.30 1420370368316
1 1280 1.53 121.48 12.69 1420370368316
2 3929 5.36 121.48 15.29 1420370368416
1 1281 1.70 121.48 12.69 1420370368416
2 3930 5.02 121.48 15.29 1420370368516
1 1282 1.62 121.48 12.69 1420370368516
2 3931 3.49 121.48 15.29 1420370368616
1 1283 1.36 121.48 12.69 1420370368616
2 3932 4.00 121.48 15.29 1420370368716
1 1284 1.36 121.48 12.69 1420370368716
2 3933 5.27 121.48 15.29 1420370368816
1 1285 1.70 121.48 12.69 1420370368816
2 3934 5.10 121.48 15.29 1420370368916
1 1286 1.62 121.48 12.69 1420370368916
2 3935 3.83 121.48 15.30 1420370369016
1 1287 1.45 121.48 12.69 1420370369016
2 3936 3.49 121.48 15.30 1420370369116
1 1288 1.28 121.48 12.69 1420370369116
2 3937 5.02 121.48 15.30 1420370369216
1 1289 1.53 121.48 12.69 1420370369216
2 3938 5.27 121.48 15.31 1420370369316
1 1290 1.62 121.48 12.69 1420370369316
2 3939 4.34 121.48 15.31 1420370369416
1 1291 1.62 121.48 12.69 1420370369416
2 3940 2.98 121.48 15.31 1420370369516
1 1292 1.28 121.48 12.69 1420370369516
2 3941 4.68 121.48 15.30 1420370369616
1 1293 1.53 121.48 12.69 1420370369616
2 3942 5.36 121.48 15.30 1420370369716
1 1294 1.70 121.48 12.69 1420370369716
2 3943 4.68 121.48 15.30 1420370369816
1 1295 1.70 121.48 12.69 1420370369816
2 3944 3.23 121.48 15.30 1420370369916
1 1296 1.36 121.48 12.69 1420370369916
2 3945 4.34 121.48 15.30 1420370370016
1 1297 1.36 121.48 12.69 1420370370016
2 3946 5.36 121.48 15.30 1420370370116
1 1298 1.62 121.48 12.69 1420370370116
2 3947 4.93 121.48 15.31 1420370370216
1 1299 1.62 121.48 12.69 1420370370216
2 3948 3.66 121.48 15.31 1420370370316
1 1300 1.45 121.48 12.69 1420370370316
2 3949 4.00 121.48 15.31 1420370370416
1 1301 1.36 121.48 12.69 1420370370416
2 3950 5.19 121.48 15.31 1420370370516
1 1302 1.70 121.48 12.69 1420370370516
2 3951 5.10 121.48 15.31 1420370370616
1 1303 1.70 121.48 12.69 1420370370616
2 3952 3.91 121.48 15.31 1420370370716
1 1304 1.62 121.48 12.69 1420370370716
2 3953 3.15 121.48 15.31 1420370370816
1 1305 1.28 121.48 12.69 1420370370816
2 3954 4.93 121.48 15.31 1420370370916
1 1306 1.53 121.48 12.69 1420370370916
2 3955 5.27 121.48 15.31 1420370371016
1 1307 1.70 121.48 12.69 1420370371016
2 3956 4.34 121.48 15.31 1420370371116
1 1308 1.53 121.48 12.69 1420370371116
2 3957 3.32 121.48 15.31 1420370371216
1 1309 1.28 121.48 12.69 1420370371216
2 3958 4.68 121.48 15.31 1420370371316
1 1310 1.45 121.48 12.69 1420370371316
2 3959 5.36 121.48 15.31 1420370371416
1 1311 1.70 121.48 12.69 1420370371416
2 3960 4.68 121.48 15.31 1420370371516
1 1312 1.79 121.48 12.69 1420370371516
2 3961 3.32 121.48 15.31 1420370371616
1 1313 1.28 121.48 12.69 1420370371616
2 3962 4.25 121.48 15.31 1420370371716
1 1314 1.36 121.48 12.69 1420370371716
2 3963 5.36 121.48 15.31 1420370371816
1 1315 1.70 121.48 12.69 1420370371816
2 3964 4.93 121.48 15.31 1420370371916
1 1316 1.70 121.48 12.69 1420370371916
2 3965 3.49 121.48 15.32 1420370372016
1 1317 1.36 121.48 12.69 1420370372016
2 3966 3.91 121.48 15.32 1420370372116
1 1318 1.28 121.48 12.69 1420370372116
2 3967 5.19 121.48 15.32 1420370372216
1 1319 1.62 121.48 12.69 1420370372216
2 3968 5.10 121.48 15.32 1420370372316
1 1320 1.70 121.48 12.69 1420370372316
2 3969 4.00 121.48 15.32 1420370372416
1 1321 1.53 121.48 12.69 1420370372416
2 3970 3.40 121.48 15.32 1420370372516
1 1322 1.19 121.48 12.69 1420370372516
2 3971 4.93 121.48 15.32 1420370372616
1 1323 1.62 121.48 12.69 1420370372616
2 3972 5.27 121.48 15.32 1420370372716
1 1324 1.62 121.48 12.69 1420370372716
2 3973 4.42 121.48 15.32 1420370372816
1 1325 1.62 121.48 12.69 1420370372816
2 3974 3.06 121.48 15.32 1420370372916
1 1326 1.19 121.48 12.69 1420370372916
2 3975 4.68 121.48 15.32 1420370373016
1 1327 1.45 121.48 12.71 1420370373016
2 3976 5.27 121.48 15.32 1420370373116
1 1328 1.79 121.48 12.71 1420370373116
2 3977 4.68 121.48 15.32 1420370373216
1 1329 1.62 121.48 12.71 1420370373216
2 3978 3.32 121.48 15.32 1420370373316
1 1330 1.28 121.48 12.71 1420370373316
2 3979 4.25 121.48 15.32 1420370373416
1 1331 1.45 121.48 12.70 1420370373416
2 3980 5.36 121.48 15.32 1420370373516
1 1332 1.70 121.48 12.70 1420370373516
2 3981 5.19 121.48 15.32 1420370373616
1 1333 1.70 121.48 12.70 1420370373616
2 3982 3.57 121.48 15.32 1420370373716
1 1334 1.36 121.48 12.70 1420370373716
2 3983 3.74 121.48 15.33 1420370373816
1 1335 1.36 121.48 12.69 1420370373816
2 3984 5.19 121.48 15.33 1420370373916
1 1336 1.70 121.48 12.69 1420370373916
2 3985 5.19 121.48 15.33 1420370374016
1 1337 1.70 121.48 12.69 1420370374016
2 3986 4.00 121.48 15.32 1420370374116
1 1338 1.53 121.48 12.69 1420370374116
2 3987 3.23 121.48 15.32 1420370374216
1 1339 1.28 121.48 12.69 1420370374216
2 3988 4.76 121.48 15.32 1420370374316
1 1340 1.70 121.48 12.69 1420370374316
2 3989 5.27 121.48 15.33 1420370374416
1 1341 1.70 121.48 12.69 1420370374416
2 3990 4.42 121.48 15.33 1420370374516
1 1342 1.53 121.48 12.69 1420370374516
2 3991 3.06 121.48 15.33 1420370374616
1 1343 1.19 121.48 12.69 1420370374616
2 3992 4.42 121.48 15.33 1420370374716
1 1344 1.45 121.48 12.69 1420370374716
2 3993 5.44 121.48 15.33 1420370374816
1 1345 1.62 121.48 12.69 1420370374816
2 3994 4.76 121.48 15.33 1420370374916
1 1346 1.53 121.48 12.69 1420370374916
2 3995 3.23 121.48 15.33 1420370375016
1 1347 1.36 121.48 12.69 1420370375016
2 3996 4.08 121.48 15.33 1420370375116
1 1348 1.45 121.48 12.69 1420370375116
2 3997 5.27 121.48 15.33 1420370375216
1 1349 1.70 121.48 12.69 1420370375216
2 3998 5.02 121.48 15.33 1420370375316
1 1350 1.62 121.48 12.69 1420370375316
2 3999 3.66 121.48 15.33 1420370375416
1 1351 1.45 121.48 12.70 1420370375416
2 4000 3.66 121.48 15.33 1420370375516
1 1352 1.28 121.48 12.70 1420370375516
2 4001 5.02 121.48 15.34 1420370375616
1 1353 1.53 121.48 12.70 1420370375616
2 4002 5.27 121.48 15.34 1420370375716
1 1354 1.62 121.48 12.70 1420370375716
2 4003 4.17 121.48 15.34 1420370375816
1 1355 1.53 121.48 12.70 1420370375816
2 4004 3.15 121.48 15.33 1420370375916
1 1356 1.11 121.48 12.70 1420370375916
2 4005 4.85 121.48 15.33 1420370376016
1 1357 1.53 121.48 12.70 1420370376016
2 4006 5.27 121.48 15.33 1420370376116
1 1358 1.70 121.48 12.70 1420370376116
2 4007 4.51 121.48 15.34 1420370376216
1 1359 1.62 121.48 12.70 1420370376216
2 4008 3.23 121.48 15.34 1420370376316
1 1360 1.28 121.48 12.70 1420370376316
2 4009 4.42 121.48 15.34 1420370376416
1 1361 1.45 121.48 12.70 1420370376416
2 4010 5.36 121.48 15.33 1420370376516
1 1362 1.62 121.48 12.70 1420370376516
2 4011 4.93 121.48 15.33 1420370376616
1 1363 1.70 121.48 12.69 1420370376616
2 4012 3.40 121.48 15.33 1420370376716
1 1364 1.45 121.48 12.69 1420370376716
2 4013 4.00 121.48 15.33 1420370376816
1 1365 1.36 121.48 12.69 1420370376816
2 4014 5.27 121.48 15.33 1420370376916
1 1366 1.62 121.48 12.69 1420370376916
2 4015 5.10 121.48 15.33 1420370377016
1 1367 1.70 121.48 12.70 1420370377016
2 4016 3.83 121.48 15.34 1420370377116
1 1368 1.36 121.48 12.70 1420370377116
2 4017 3.49 121.48 15.34 1420370377216
1 1369 1.28 121.48 12.70 1420370377216
2 4018 5.02 121.48 15.34 1420370377316
1 1370 1.53 121.48 12.70 1420370377316
2 4019 5.19 121.48 15.35 1420370377416
1 1371 1.70 121.48 12.70 1420370377416
2 4020 4.34 121.48 15.35 1420370377516
1 1372 1.70 121.48 12.70 1420370377516
2 4021 2.98 121.48 15.35 1420370377616
1 1373 1.19 121.48 12.70 1420370377616
2 4022 4.68 121.48 15.34 1420370377716
1 1374 1.45 121.48 12.70 1420370377716
2 4023 5.27 121.48 15.34 1420370377816
1 1375 2.04 121.48 12.69 1420370377816
2 4024 4.68 121.48 15.34 1420370377916
1 1376 1.70 121.48 12.69 1420370377916
2 4025 3.40 121.48 15.34 1420370378016
1 1377 1.28 121.48 12.69 1420370378016
2 4026 4.25 121.48 15.34 1420370378116
1 1378 1.36 121.48 12.69 1420370378047
2 4027 5.27 121.48 15.34 1420370378047
1 1379 1.70 121.48 12.70 1420370378147
2 4028 4.85 121.48 15.34 1420370378147
1 1380 1.79 121.48 12.70 1420370378247
2 4029 3.66 121.48 15.34 1420370378247
1 1381 1.11 121.48 12.70 1420370378347
2 4030 3.83 121.48 15.34 1420370378347
1 1382 1.28 121.48 12.70 1420370378447
2 4031 5.10 121.48 15.34 1420370378447
1 1383 1.62 121.48 12.70 1420370378547
2 4032 5.10 121.48 15.34 1420370378547
1 1384 1.70 121.48 12.70 1420370378647
2 4033 4.00 121.48 15.34 1420370378647
1 1385 1.53 121.48 12.70 1420370378747
2 4034 3.23 121.48 15.34 1420370378747
1 1386 1.11 121.48 12.70 1420370378847
2 4035 4.85 121.48 15.34 1420370378847
1 1387 1.53 121.48 12.69 1420370378947
2 4036 5.19 121.48 15.34 1420370378947
1 1388 1.79 121.48 12.69 1420370379047
2 4037 4.42 121.48 15.35 1420370379047
1 1389 1.62 121.48 12.69 1420370379147
2 4038 2.98 121.48 15.35 1420370379147
1 1390 1.19 121.48 12.69 1420370379247
2 4039 4.51 121.48 15.35 1420370379247
1 1391 1.36 121.48 12.69 1420370357407
2 4040 5.27 121.48 15.34 1420370379347
1 1392 1.36 121.48 12.70 1420370379447
2 4041 4.76 121.48 15.34 1420370379447
1 1393 1.62 121.48 12.70 1420370379547
2 4042 3.32 121.48 15.34 1420370379547
1 1394 1.36 121.48 12.70 1420370379647
2 4043 4.08 121.48 15.36 1420370379647
1 1395 1.36 121.48 12.70 1420370379747
2 4044 5.10 121.48 15.36 1420370379747
1 1396 1.62 121.48 12.70 1420370379847
2 4045 5.02 121.48 15.36 1420370379847
1 1397 1.70 121.48 12.70 1420370379947
2 4046 3.66 121.48 15.35 1420370379947
1 1398 1.36 121.48 12.70 1420370380047
2 4047 3.66 121.48 15.35 1420370380047
1 1399 1.28 121.48 12.69 1420370380147
2 4048 5.02 121.48 15.35 1420370380147
1 1400 1.62 121.48 12.69 1420370380247
2 4049 5.10 121.48 15.35 1420370380247
1 1401 1.70 121.48 12.69 1420370380347
2 4050 4.25 121.48 15.35 1420370380347
1 1402 1.53 121.48 12.69 1420370380447
2 4051 3.06 121.48 15.35 1420370380447
1 1403 1.28 121.48 12.70 1420370380547
2 4052 4.76 121.48 15.36 1420370380547
1 1404 1.53 121.48 12.70 1420370380647
2 4053 5.53 121.48 15.36 1420370380647
1 1405 1.70 121.48 12.70 1420370380747
2 4054 4.93 121.48 15.36 1420370380747
1 1406 1.62 121.48 12.70 1420370380847
2 4055 3.32 121.48 15.36 1420370380847
1 1407 1.28 121.48 12.69 1420370380947
2 4056 3.23 121.48 15.36 1420370380947
1 1408 1.36 121.48 12.69 1420370381047
2 4057 5.70 121.48 15.36 1420370381047
1 1409 1.70 121.48 12.69 1420370381147
2 4058 5.36 121.48 15.36 1420370381147
1 1410 1.62 121.48 12.69 1420370381247
2 4059 3.83 121.48 15.36 1420370381247
1 1411 1.45 121.48 12.70 1420370381347
2 4060 4.25 121.48 15.36 1420370381347
1 1412 1.45 121.48 12.70 1420370381447
2 4061 5.27 121.48 15.36 1420370381447
1 1413 1.62 121.48 12.70 1420370381547
2 4062 4.85 121.48 15.36 1420370381547
1 1414 1.62 121.48 12.70 1420370381647
2 4063 3.91 121.48 15.36 1420370381647
1 1415 1.53 121.48 12.70 1420370381747
2 4064 3.49 121.48 15.36 1420370381747
1 1416 1.36 121.48 12.70 1420370381847
2 4065 5.10 121.48 15.36 1420370381847
1 1417 1.53 121.48 12.70 1420370381947
2 4066 5.36 121.48 15.36 1420370381947
1 1418 1.70 121.48 12.70 1420370382047
2 4067 4.68 121.48 15.36 1420370382047
1 1419 1.62 121.48 12.70 1420370382147
2 4068 3.06 121.48 15.36 1420370382147
1 1420 1.28 121.48 12.70 1420370382247
2 4069 4.68 121.48 15.36 1420370382247
1 1421 1.45 121.48 12.70 1420370382347
2 4070 5.53 121.48 15.36 1420370382347
1 1422 1.70 121.48 12.70 1420370382447
2 4071 5.27 121.48 15.36 1420370382447
1 1423 1.70 121.48 12.70 1420370382547
2 4072 4.00 121.48 15.36 1420370382547
1 1424 1.45 121.48 12.70 1420370382647
2 4073 5.02 121.48 15.37 1420370382647
1 1425 1.36 121.48 12.70 1420370382747
2 4074 6.21 121.48 15.37 1420370382747
1 1426 1.62 121.48 12.70 1420370382847
2 4075 5.87 121.48 15.37 1420370382847
1 1427 1.70 121.48 12.71 1420370382947
2 4076 4.34 121.48 15.36 1420370382947
1 1428 1.45 121.48 12.71 1420370383047
2 4077 4.51 121.48 15.36 1420370383047
1 1429 1.28 121.48 12.71 1420370383147
2 4078 5.95 121.48 15.36 1420370383147
1 1430 1.53 121.48 12.71 1420370383247
2 4079 6.04 121.48 15.36 1420370383247
1 1431 1.70 121.48 12.71 1420370383347
2 4080 5.02 121.48 15.36 1420370383347
1 1432 1.53 121.48 12.71 1420370383447
2 4081 4.00 121.48 15.36 1420370383447
1 1433 1.19 121.48 12.71 1420370383547
2 4082 5.61 121.48 15.37 1420370383547
1 1434 1.45 121.48 12.71 1420370383647
2 4083 6.38 121.48 15.37 1420370383647
1 1435 1.79 121.48 12.69 1420370383747
2 4084 5.44 121.48 15.37 1420370383747
1 1436 1.70 121.48 12.69 1420370383847
2 4085 3.91 121.48 15.36 1420370383847
1 1437 1.28 121.48 12.69 1420370383947
2 4086 5.27 121.48 15.36 1420370383947
1 1438 1.36 121.48 12.69 1420370384047
2 4087 5.95 121.48 15.36 1420370384047
1 1439 1.70 121.48 12.70 1420370384147
2 4088 5.44 121.48 15.37 1420370384147
1 1440 1.70 121.48 12.70 1420370384247
2 4089 3.91 121.48 15.37 1420370384247
1 1441 1.36 121.48 12.70 1420370384347
2 4090 4.68 121.48 15.37 1420370384347
1 1442 1.28 121.48 12.70 1420370384447
2 4091 5.95 121.48 15.38 1420370384447
1 1443 1.62 121.48 12.69 1420370384547
2 4092 6.04 121.48 15.38 1420370384547
1 1444 1.79 121.48 12.69 1420370384647
2 4093 4.59 121.48 15.38 1420370384647
1 1445 1.45 121.48 12.69 1420370384747
2 4094 4.25 121.48 15.37 1420370384747
1 1446 1.19 121.48 12.69 1420370384847
2 4095 5.78 121.48 15.37 1420370384847
1 1447 1.53 121.48 12.70 1420370384947
2 4096 6.04 121.48 15.37 1420370384947
1 1448 1.62 121.48 12.70 1420370385047
2 4097 5.02 121.48 15.38 1420370385047
1 1449 1.53 121.48 12.70 1420370385147
2 4098 3.74 121.48 15.38 1420370385147
1 1450 1.19 121.48 12.70 1420370385247
2 4099 5.36 121.48 15.38 1420370385247
1 1451 1.36 121.48 12.69 1420370385347
2 4100 5.95 121.48 15.37 1420370385347
1 1452 1.62 121.48 12.69 1420370385447
2 4101 5.61 121.48 15.37 1420370385447
1 1453 1.53 121.48 12.69 1420370385547
2 4102 3.57 121.48 15.37 1420370385547
1 1454 1.19 121.48 12.69 1420370385647
2 4103 4.59 121.48 15.38 1420370385647
1 1455 1.28 121.48 12.70 1420370385747
2 4104 5.53 121.48 15.38 1420370385747
1 1456 1.36 121.48 12.70 1420370385847
2 4105 5.27 121.48 15.38 1420370385847
1 1457 1.36 121.48 12.70 1420370385947
2 4106 3.74 121.48 15.37 1420370385947
1 1458 1.19 121.48 12.70 1420370386047
2 4107 4.17 121.48 15.37 1420370386047
1 1459 1.19 121.48 12.70 1420370386147
2 4108 5.19 121.48 15.37 1420370386147
1 1460 1.11 121.48 12.70 1420370386247
2 4109 4.76 121.48 15.37 1420370386247
1 1461 1.36 121.48 12.70 1420370386347
2 4110 3.74 121.48 15.37 1420370386347
1 1462 1.62 121.48 12.70 1420370386447
2 4111 3.15 121.48 15.37 1420370386447
1 1463 1.11 121.48 12.70 1420370386547
2 4112 4.42 121.48 15.37 1420370386547
1 1464 1.36 121.48 12.70 1420370386647
2 4113 4.68 121.48 15.37 1420370386647
1 1465 1.45 121.48 12.70 1420370386747
2 4114 4.00 121.48 15.37 1420370386747
1 1466 1.28 121.48 12.70 1420370386847
2 4115 2.81 121.48 15.38 1420370386847
1 1467 1.19 121.48 12.70 1420370386947
2 4116 4.17 121.48 15.38 1420370386947
1 1468 1.36 121.48 12.70 1420370387047
2 4117 4.85 121.48 15.38 1420370387047
1 1469 1.36 121.48 12.70 1420370387147
2 4118 4.34 121.48 15.39 1420370387147
1 1470 1.36 121.48 12.70 1420370387247
2 4119 3.23 121.48 15.39 1420370387247
1 1471 1.19 121.48 12.69 1420370387347
2 4120 4.00 121.48 15.39 1420370387347
1 1472 1.28 121.48 12.69 1420370387447
2 4121 5.02 121.48 15.38 1420370387447
1 1473 1.36 121.48 12.69 1420370387547
2 4122 4.85 121.48 15.38 1420370387547
1 1474 1.36 121.48 12.69 1420370387647
2 4123 3.49 121.48 15.38 1420370387647
1 1475 1.36 121.48 12.69 1420370387747
2 4124 3.74 121.48 15.38 1420370387747
1 1476 1.28 121.48 12.69 1420370387847
2 4125 5.10 121.48 15.38 1420370387847
1 1477 1.36 121.48 12.69 1420370387947
2 4126 5.10 121.48 15.38 1420370387947
1 1478 1.28 121.48 12.69 1420370388047
2 4127 4.00 121.48 15.39 1420370388047
1 1479 1.36 121.48 12.70 1420370388147
2 4128 3.32 121.48 15.39 1420370388147
1 1480 1.28 121.48 12.70 1420370388247
2 4129 4.85 121.48 15.39 1420370388247
1 1481 1.28 121.48 12.70 1420370388347
2 4130 5.27 121.48 15.38 1420370388347
1 1482 1.36 121.48 12.70 1420370388447
2 4131 4.42 121.48 15.38 1420370388447
1 1483 1.36 121.48 12.70 1420370388547
2 4132 3.06 121.48 15.38 1420370388547
1 1484 1.11 121.48 12.70 1420370388647
2 4133 4.59 121.48 15.38 1420370388647
1 1485 1.19 121.48 12.70 1420370388747
2 4134 5.36 121.48 15.38 1420370388747
1 1486 1.28 121.48 12.70 1420370388847
2 4135 4.76 121.48 15.38 1420370388847
1 1487 1.28 121.48 12.69 1420370388947
2 4136 3.32 121.48 15.38 1420370388947
1 1488 1.28 121.48 12.69 1420370389047
2 4137 3.23 121.48 15.38 1420370389047
1 1489 1.19 121.48 12.69 1420370389147
2 4138 5.10 121.48 15.38 1420370389147
1 1490 1.36 121.48 12.69 1420370389247
2 4139 4.68 121.48 15.39 1420370389247
1 1491 1.53 121.48 12.70 1420370389347
2 4140 3.49 121.48 15.39 1420370389347
1 1492 1.45 121.48 12.70 1420370389447
2 4141 3.49 121.48 15.39 1420370389447
1 1493 1.11 121.48 12.70 1420370389547
2 4142 4.34 121.48 15.38 1420370389547
1 1494 1.36 121.48 12.70 1420370389647
2 4143 4.25 121.48 15.38 1420370389647
1 1495 1.45 121.48 12.71 1420370389747
2 4144 3.40 121.48 15.38 1420370389747
1 1496 1.45 121.48 12.71 1420370389847
2 4145 2.72 121.48 15.39 1420370389847
1 1497 1.19 121.48 12.71 1420370389947
2 4146 3.57 121.48 15.39 1420370389947
1 1498 1.36 121.48 12.71 1420370390047
2 4147 3.74 121.48 15.39 1420370390047
1 1499 1.62 121.48 12.70 1420370390147
2 4148 3.40 121.48 15.39 1420370390147
1 1500 1.53 121.48 12.70 1420370390247
2 4149 2.72 121.48 15.39 1420370390247
1 1501 1.19 121.48 12.70 1420370390347
2 4150 3.40 121.48 15.39 1420370390347
1 1502 1.36 121.48 12.70 1420370390447
2 4151 3.83 121.48 15.38 1420370390447
1 1503 1.62 121.48 12.71 1420370390547
2 4152 3.66 121.48 15.38 1420370390547
1 1504 1.62 121.48 12.71 1420370390647
2 4153 2.89 121.48 15.38 1420370390647
1 1505 1.28 121.48 12.71 1420370390747
2 4154 3.32 121.48 15.39 1420370390747
1 1506 1.28 121.48 12.71 1420370390847
2 4155 3.83 121.48 15.39 1420370390847
1 1507 1.53 121.48 12.70 1420370390947
2 4156 3.83 121.48 15.39 1420370390947
1 1508 1.62 121.48 12.70 1420370391047
2 4157 2.98 121.48 15.39 1420370391047
1 1509 1.36 121.48 12.70 1420370391147
2 4158 3.23 121.48 15.39 1420370391147
1 1510 1.19 121.48 12.70 1420370391247
2 4159 3.66 121.48 15.39 1420370391247
1 1511 1.53 121.48 12.71 1420370391347
2 4160 3.66 121.48 15.39 1420370391347
1 1512 1.62 121.48 12.71 1420370391447
2 4161 3.15 121.48 15.39 1420370391447
1 1513 1.45 121.48 12.71 1420370391547
2 4162 2.72 121.48 15.39 1420370391547
1 1514 1.11 121.48 12.71 1420370391647
2 4163 3.40 121.48 15.39 1420370391647
1 1515 1.45 121.48 12.71 1420370391747
2 4164 3.74 121.48 15.39 1420370391747
1 1516 1.19 121.48 12.71 1420370391847
2 4165 3.40 121.48 15.39 1420370391847
1 1517 1.53 121.48 12.71 1420370391947
2 4166 2.64 121.48 15.39 1420370391947
1 1518 1.11 121.48 12.71 1420370392047
2 4167 3.32 121.48 15.39 1420370392047
1 1519 1.36 121.48 12.71 1420370392147
2 4168 3.66 121.48 15.39 1420370392147
1 1520 1.53 121.48 12.71 1420370392247
2 4169 3.49 121.48 15.38 1420370392247
1 1521 1.53 121.48 12.71 1420370392347
2 4170 2.72 121.48 15.38 1420370392347
1 1522 1.28 121.48 12.71 1420370392447
2 4171 3.15 121.48 15.38 1420370392447
1 1523 1.36 121.48 12.70 1420370392547
2 4172 3.57 121.48 15.39 1420370392547
1 1524 1.53 121.48 12.70 1420370392647
2 4173 3.57 121.48 15.39 1420370392647
1 1525 1.53 121.48 12.70 1420370392747
2 4174 2.89 121.48 15.39 1420370392747
1 1526 1.28 121.48 12.70 1420370392847
2 4175 2.98 121.48 15.39 1420370392847
1 1527 1.28 121.48 12.70 1420370392947
2 4176 3.66 121.48 15.39 1420370392947
1 1528 1.53 121.48 12.70 1420370393047
2 4177 3.66 121.48 15.39 1420370393047
1 1529 1.62 121.48 12.70 1420370393147
2 4178 3.06 121.48 15.38 1420370393147
1 1530 1.36 121.48 12.70 1420370393247
2 4179 2.81 121.48 15.38 1420370393247
1 1531 1.19 121.48 12.70 1420370393347
2 4180 3.49 121.48 15.38 1420370393347
1 1532 1.45 121.48 12.70 1420370393447
2 4181 3.74 121.48 15.39 1420370393447
1 1533 1.53 121.48 12.70 1420370393547
2 4182 3.40 121.48 15.39 1420370393547
1 1534 1.45 121.48 12.70 1420370393647
2 4183 2.64 121.48 15.39 1420370393647
1 1535 1.19 121.48 12.71 1420370393747
2 4184 3.32 121.48 15.39 1420370393747
1 1536 1.36 121.48 12.71 1420370393847
2 4185 3.83 121.48 15.39 1420370393847
1 1537 1.53 121.48 12.71 1420370393947
2 4186 3.57 121.48 15.39 1420370393947
1 1538 1.53 121.48 12.71 1420370394047
2 4187 2.72 121.48 15.39 1420370394047
1 1539 1.19 121.48 12.71 1420370394147
2 4188 3.32 121.48 15.39 1420370394147
1 1540 1.36 121.48 12.71 1420370394247
2 4189 3.66 121.48 15.39 1420370394247
1 1541 1.45 121.48 12.71 1420370394347
2 4190 3.66 121.48 15.40 1420370394347
1 1542 1.45 121.48 12.71 1420370394447
2 4191 2.89 121.48 15.40 1420370394447
1 1543 1.28 121.48 12.70 1420370394547
2 4192 3.23 121.48 15.40 1420370394547
1 1544 1.28 121.48 12.70 1420370394647
2 4193 4.00 121.48 15.40 1420370394647
1 1545 1.36 121.48 12.70 1420370394747
2 4194 4.08 121.48 15.40 1420370394747
1 1546 1.53 121.48 12.70 1420370394847
2 4195 3.32 121.48 15.40 1420370394847
1 1547 1.36 121.48 12.71 1420370394947
2 4196 3.32 121.48 15.39 1420370394947
1 1548 1.28 121.48 12.71 1420370395047
2 4197 4.34 121.48 15.39 1420370395047
1 1549 1.36 121.48 12.71 1420370395147
2 4198 4.42 121.48 15.39 1420370395147
1 1550 1.45 121.48 12.71 1420370395247
2 4199 3.91 121.48 15.39 1420370395247
1 1551 1.45 121.48 12.70 1420370395347
2 4200 3.06 121.48 15.39 1420370395347
1 1552 1.19 121.48 12.70 1420370395447
2 4201 4.25 121.48 15.39 1420370395447
1 1553 1.28 121.48 12.70 1420370395547
2 4202 4.51 121.48 15.40 1420370395547
1 1554 1.45 121.48 12.70 1420370395647
2 4203 4.17 121.48 15.40 1420370395647
1 1555 1.45 121.48 12.71 1420370395747
2 4204 2.89 121.48 15.40 1420370395747
1 1556 1.19 121.48 12.71 1420370395847
2 4205 3.83 121.48 15.39 1420370395847
1 1557 1.28 121.48 12.71 1420370395947
2 4206 4.34 121.48 15.39 1420370395947
1 1558 1.45 121.48 12.71 1420370396047
2 4207 3.91 121.48 15.39 1420370396047
1 1559 1.45 121.48 12.69 1420370396147
2 4208 2.89 121.48 15.40 1420370396147
1 1560 1.79 121.48 12.69 1420370396247
2 4209 3.49 121.48 15.40 1420370396247
1 1561 1.28 121.48 12.69 1420370396347
2 4210 4.08 121.48 15.40 1420370396347
1 1562 1.45 121.48 12.69 1420370396447
2 4211 3.83 121.48 15.39 1420370396447
1 1563 1.53 121.48 12.70 1420370396547
2 4212 3.15 121.48 15.39 1420370396547
1 1564 1.62 121.48 12.70 1420370396647
2 4213 3.06 121.48 15.39 1420370396647
1 1565 1.19 121.48 12.70 1420370396747
2 4214 3.66 121.48 15.40 1420370396747
1 1566 1.45 121.48 12.70 1420370396847
2 4215 3.74 121.48 15.40 1420370396847
1 1567 1.53 121.48 12.70 1420370396947
2 4216 3.06 121.48 15.40 1420370396947
1 1568 1.53 121.48 12.70 1420370397047
2 4217 2.89 121.48 15.41 1420370397047
1 1569 1.19 121.48 12.70 1420370397147
2 4218 3.57 121.48 15.41 1420370397147
1 1570 1.36 121.48 12.70 1420370397247
2 4219 3.66 121.48 15.41 1420370397247
1 1571 1.62 121.48 12.69 1420370397347
2 4220 3.32 121.48 15.40 1420370397347
1 1572 1.45 121.48 12.69 1420370397447
2 4221 2.72 121.48 15.40 1420370397447
1 1573 1.19 121.48 12.69 1420370397547
2 4222 3.49 121.48 15.40 1420370397547
1 1574 1.28 121.48 12.69 1420370397647
2 4223 3.83 121.48 15.41 1420370397647
1 1575 1.53 121.48 12.69 1420370397747
2 4224 3.66 121.48 15.41 1420370397747
1 1576 1.53 121.48 12.69 1420370397847
2 4225 2.81 121.48 15.41 1420370397847
1 1577 1.19 121.48 12.69 1420370397947
2 4226 3.83 121.48 15.41 1420370397947
1 1578 1.36 121.48 12.69 1420370398047
2 4227 4.68 121.48 15.41 1420370398047
1 1579 1.45 121.48 12.70 1420370398147
2 4228 4.34 121.48 15.41 1420370398147
1 1580 1.53 121.48 12.70 1420370398247
2 4229 3.15 121.48 15.39 1420370398247
1 1581 1.28 121.48 12.70 1420370398347
2 4230 4.25 121.48 15.39 1420370398347
1 1582 1.19 121.48 12.70 1420370398447
2 4231 5.27 121.48 15.39 1420370398447
1 1583 1.36 121.48 12.71 1420370398547
2 4232 4.93 121.48 15.40 1420370398547
1 1584 1.45 121.48 12.71 1420370398647
2 4233 3.49 121.48 15.40 1420370398647
1 1585 1.28 121.48 12.71 1420370398747
2 4234 4.00 121.48 15.40 1420370398747
1 1586 1.11 121.48 12.71 1420370398847
2 4235 5.19 121.48 15.39 1420370398847
1 1587 1.45 121.48 12.71 1420370398947
2 4236 5.19 121.48 15.39 1420370398947
1 1588 1.62 121.48 12.71 1420370399047
2 4237 3.91 121.48 15.39 1420370399047
1 1589 1.45 121.48 12.71 1420370399147
2 4238 3.49 121.48 15.41 1420370399147
1 1590 1.11 121.48 12.71 1420370399247
2 4239 5.10 121.48 15.41 1420370399247
1 1591 1.45 121.48 12.69 1420370399347
2 4240 5.27 121.48 15.41 1420370399347
1 1592 1.70 121.48 12.69 1420370399447
2 4241 4.17 121.48 15.41 1420370399447
1 1593 1.45 121.48 12.69 1420370399547
2 4242 3.06 121.48 15.41 1420370399547
1 1594 1.19 121.48 12.69 1420370399647
2 4243 4.85 121.48 15.41 1420370399647
1 1595 1.36 121.48 12.71 1420370399747
2 4244 5.36 121.48 15.40 1420370399747
1 1596 1.36 121.48 12.71 1420370399847
2 4245 4.85 121.48 15.40 1420370399847
1 1597 1.53 121.48 12.71 1420370399947
2 4246 3.66 121.48 15.40 1420370399947
1 1598 1.19 121.48 12.71 1420370400047
2 4247 5.27 121.48 15.40 1420370400047
1 1599 1.45 121.48 12.70 1420370400147
2 4248 6.21 121.48 15.40 1420370400147
1 1600 1.70 121.48 12.70 1420370400247
2 4249 5.53 121.48 15.40 1420370400247
1 1601 1.53 121.48 12.70 1420370400347
2 4250 3.91 121.48 15.39 1420370400347
1 1602 1.28 121.48 12.70 1420370400447
2 4251 4.85 121.48 15.39 1420370400447
1 1603 1.36 121.48 12.71 1420370400547
2 4252 6.04 121.48 15.39 1420370400547
1 1604 1.62 121.48 12.71 1420370400647
2 4253 5.70 121.48 15.40 1420370400647
1 1605 1.53 121.48 12.71 1420370400747
2 4254 4.17 121.48 15.40 1420370400747
1 1606 1.45 121.48 12.71 1420370400847
2 4255 4.68 121.48 15.40 1420370400847
1 1607 1.28 121.48 12.70 1420370400947
2 4256 5.95 121.48 15.39 1420370400947
1 1608 1.79 121.48 12.70 1420370401047
2 4257 6.12 121.48 15.39 1420370401047
1 1609 1.70 121.48 12.70 1420370401147
2 4258 4.51 121.48 15.39 1420370401147
1 1610 1.45 121.48 12.70 1420370401247
2 4259 4.25 121.48 15.41 1420370401247
1 1611 1.28 121.48 12.70 1420370401347
2 4260 5.95 121.48 15.41 1420370401347
1 1612 1.70 121.48 12.70 1420370401447
2 4261 6.12 121.48 15.41 1420370401447
1 1613 1.62 121.48 12.70 1420370401547
2 4262 5.10 121.48 15.39 1420370401547
1 1614 1.45 121.48 12.70 1420370401647
2 4263 4.00 121.48 15.39 1420370401647